4.9982 -0.0015999999999998572 -0.0013999999999998792 -0.0011999999999999012 -0.0009999999999999233 -0.0007999999999999452 -0.0005999999999998562 -0.0003999999999999893 -0.0001999999999999003 0 
-0.0015999999999998572 4.9976 -0.0011999999999999012 -0.0009999999999999233 -0.0007999999999999452 -0.0005999999999999672 -0.00039999999999987826 -0.0002000000000000113 0 0.00020000000000011128 
-0.0013999999999998792 -0.0011999999999999012 4.997 -0.0007999999999999452 -0.0005999999999999672 -0.0003999999999999893 -0.0001999999999999003 0 0.00020000000000005566 0.00040000000000008925 
-0.0011999999999999012 -0.0009999999999999233 -0.0007999999999999452 4.9964 -0.0003999999999999893 -0.0002000000000000113 0 0.00019999999999994463 0.00040000000000003363 0.0006000000000000673 
-0.0009999999999999233 -0.0007999999999999452 -0.0005999999999999672 -0.0003999999999999893 4.995800000000001 0 0.00020000000000005566 0.0003999999999999226 0.0006000000000000117 0.0008000000000000452 
-0.0007999999999999452 -0.0005999999999999672 -0.0003999999999999893 -0.0002000000000000113 0 4.9952000000000005 0.00040000000000003363 0.0005999999999999006 0.0007999999999999896 0.0010000000000000232 
-0.0005999999999998562 -0.00039999999999987826 -0.0001999999999999003 0 0.00020000000000005566 0.00040000000000003363 4.9946 0.0008000000000000451 0.0010000000000000785 0.0012000000000001122 
-0.0003999999999999893 -0.0002000000000000113 0 0.00019999999999994463 0.0003999999999999226 0.0005999999999999006 0.0008000000000000451 4.994000000000001 0.0011999999999999455 0.0013999999999999792 
-0.0001999999999999003 0 0.00020000000000005566 0.00040000000000003363 0.0006000000000000117 0.0007999999999999896 0.0010000000000000785 0.0011999999999999455 4.9934 0.0016000000000001792 
0 0.00020000000000011128 0.00040000000000008925 0.0006000000000000673 0.0008000000000000452 0.0010000000000000232 0.0012000000000001122 0.0013999999999999792 0.0016000000000001792 4.992800000000001 
